4.699969146843645038e-09
1.045738519250548675e-19
9.058071447282310438e-18
1.464028066097778838e-26
9.880917923208344918e-20
5.204194905359563366e-25
1.859543539275132074e-20
4.329295541833175678e-19
8.966171148782704178e-12
6.005684634008818636e-11
5.186413043686850183e-11
5.875879443747774789e-10
1.126628168777510168e-09
2.458245812214247122e-09
1.086350900056347662e-08
1.534172259369715530e-08
3.731625726250342544e-08
5.729801292272746936e-08
1.348551025685964604e-07
2.506377454640754805e-07
8.020534766602859208e-07
1.310798608846212005e-06
2.865528930838857856e-06
6.057736362839135230e-06
1.198488050184021403e-05
1.887360395352415189e-05
2.997998826526030868e-05
5.831796645185878558e-05
6.217791141378608763e-05
1.542652915362649924e-04
1.128679725830927181e-04
1.673808329559021827e-04
1.854362121555263058e-04
1.974343627212072033e-04
1.825046273094410186e-04
3.449391272757093389e-04
2.224666666444577293e-04
3.106972284341723723e-04
2.425261610232766236e-04
2.096502740433439801e-04
2.089403885407030718e-04
2.638172869784688869e-04
2.468630564708666634e-04
2.501311547227633636e-04
2.403205747549539740e-04
2.514536551497364427e-04
3.714296731812138409e-04
2.319234150708426141e-04
2.517565582145562912e-04
3.610706292162540890e-04
