7.027195916742810878e-07
1.018296815260693071e-13
8.136975611356992116e-12
6.493977233534448264e-16
1.138296201239763534e-12
3.891074302975965176e-14
3.062900629674161930e-12
4.398735841783695596e-11
9.180433055729654896e-07
4.852175143359728156e-06
2.779824271436963652e-06
1.219596347237195360e-05
1.660595845276626451e-05
2.427818155456645214e-05
3.606104140154751334e-05
3.789453646989539634e-05
4.873886398071453367e-05
5.703318396976617295e-05
7.021268446368424208e-05
9.247800528451729455e-05
1.311572203028944349e-04
1.571925667980876129e-04
1.827555158788220766e-04
2.844469859927285923e-04
3.185131307989395822e-04
3.246832041089962873e-04
4.594891534519045489e-04
4.829025680344063015e-04
4.146959491795272667e-04
6.294475506872277987e-04
4.243397348827933216e-04
4.069938338436616780e-04
3.974159254236187336e-04
4.010364446571934582e-04
2.955330722562688438e-04
4.183909701833653239e-04
3.672744507987955442e-04
3.303807427375128961e-04
2.548224117734053384e-04
2.476877912139668642e-04
2.310490394606503402e-04
2.657074862936058702e-04
2.835900515458576569e-04
2.447265902030971302e-04
2.682877571983047910e-04
2.506409774440067004e-04
2.669633069786797250e-04
2.365807254460497097e-04
2.464322129976299382e-04
3.239872744518418682e-04
