1.580376820523945753e-03 3.684313802178766813e-03 1.781193411859367109e-02 4.664854692981459938e-02 1.522848248264268775e-02 1.307318041092345173e-02 5.602434339077439190e-04
9.633576504970948551e-04 3.600936014794323646e-03 1.728687498832942593e-02 3.171807613724314523e-02 1.024559395418310655e-02 3.814193724379137413e-03 6.104854145934827210e-04
1.178765931807216477e-03 4.037229171819992080e-03 1.647663893570556343e-02 4.162813543272109174e-02 1.010357286431065246e-02 3.490691202814205293e-03 7.277743032032722107e-04
3.314435299436022109e-03 6.552143167266181664e-03 1.716470444258282047e-02 5.656761914859872314e-02 1.671989760851091272e-02 3.712202139550559860e-03 1.126598813527448671e-03
1.961201100696954771e-03 2.090668911417615378e-03 1.461881700969345013e-02 1.981299738339589028e-02 6.750238046122076195e-03 2.230932429681605541e-03 3.602349090785767058e-04
7.644411914920207565e-03 1.945789283619502041e-02 1.715605902282570788e-02 1.363118467392663291e-01 2.185798935273396484e-02 1.418322442467105128e-03 3.725097562212691029e-03
1.405407870160848335e-03 2.781103960369972396e-03 1.587862726707848712e-02 2.140963152091223537e-02 8.532594539765127675e-03 3.180051965206867268e-03 4.632767049597259442e-04
2.064149634117496291e-03 2.402265031619547041e-03 1.570639917069284464e-02 2.155983538780035375e-02 1.038226730594911905e-02 4.597331433095206907e-03 4.050076600289951429e-04
6.794552809117347702e-04 2.170270676561181396e-03 1.587820468455673067e-02 1.422958621175533962e-02 7.530281407723183121e-03 1.806959443989879059e-03 3.960183797603247379e-04
4.480050701227586375e-04 2.835546285253495290e-03 1.609157431435245811e-02 1.724405748535761534e-02 6.108229026958111700e-03 2.231475123424592720e-03 4.567427903429603468e-04
8.497314540476484917e-04 2.138162273593062577e-03 1.521607229266860699e-02 1.169713046553964853e-02 6.881516567222169256e-03 1.718142330240980589e-03 3.679206700797170155e-04
2.694789647375607066e-03 4.803508825103676091e-03 1.539571975656175463e-02 4.289899384275827621e-02 9.089155712341426968e-03 2.726310822599387063e-03 8.160727090101578107e-04
2.675741109939276576e-03 4.099779556153869062e-03 1.602267788050054306e-02 3.688491597893538837e-02 1.248646270243834733e-02 3.383198233251396951e-03 7.125421824743883919e-04
5.938305613326175930e-04 2.757966586934615643e-03 1.657088046719796398e-02 1.969344695213619267e-02 8.082015228167330201e-03 2.524252117955344977e-03 4.684147668415854617e-04
3.336941123831876129e-03 2.992918761060777560e-03 1.448408790379057155e-02 2.523693979998253845e-02 8.686388307460768399e-03 1.925995053306480331e-03 5.382612753290462937e-04
1.990590250196447742e-03 3.529609176371552737e-03 1.537023509477645003e-02 4.412765227765409054e-02 1.069794543587013029e-02 5.622028204120914884e-03 6.053822649471152575e-04
1.199523313862718016e-03 3.045511829883191125e-03 1.568348950655724938e-02 3.190910912625433138e-02 8.720394438402287798e-03 4.184036823824825550e-03 5.323546763030324218e-04
1.602705367030681513e-03 4.482530198967846734e-03 1.628337710364348781e-02 3.452988631539954945e-02 1.056549482858666796e-02 2.693116466056996554e-03 7.485770891767597798e-04
5.002107711274710782e-04 5.380345408829485809e-03 1.720829364651782836e-02 4.021474481160988018e-02 8.762590423594030301e-03 3.270187419003267766e-03 8.955563804538650696e-04
7.949290302519845027e-04 2.907815189854637446e-03 1.561997598056725015e-02 1.841156126715302183e-02 7.413620595191530716e-03 1.794628215920638509e-03 5.026237390179247658e-04
1.045101431508328304e-03 2.597053430027391075e-03 1.566845614457658409e-02 1.829268697732596219e-02 6.833087735481608617e-03 1.175187259780843384e-03 4.907705473299788304e-04
1.432645216604817168e-03 3.806897421843638638e-03 1.537933376437347968e-02 3.281621244593422443e-02 8.497722607654157115e-03 2.575069517051316835e-03 6.760409459094216846e-04
3.268664122157090551e-03 3.207265158310444557e-03 1.540774040983734598e-02 3.156038032065411336e-02 1.136102663139338005e-02 3.927084655124497142e-03 5.608927698061232613e-04
8.731112982767730551e-04 2.482527224338262374e-03 1.637063600888514353e-02 1.558451320909399682e-02 8.507726171606095830e-03 1.601333679440016975e-03 4.453377405857402165e-04
1.781422376336906470e-03 3.268457099344796064e-03 1.579658665955067584e-02 2.536374598166141192e-02 8.292332513002615563e-03 1.972105262324014546e-03 5.583856361331165615e-04
1.068947907490481845e-03 1.513251632785173832e-03 1.505828307519455588e-02 1.236040005745922543e-02 6.847157713052000674e-03 3.177702359371893919e-03 2.608848023011908876e-04
1.987592225845453715e-03 5.641153256901724165e-03 1.787571844061167092e-02 3.911142025048749277e-02 1.591050801227757508e-02 4.503322049511404232e-03 8.896916706616762220e-04
7.180858583504116151e-04 4.883516569210099266e-03 1.619528011037299486e-02 3.851112801622134929e-02 7.635923449982809884e-03 1.862865284759516538e-03 9.025391742519064692e-04
4.269429832316760150e-04 1.577958769736288562e-03 1.662664345195394647e-02 1.347391440666561961e-02 7.321033479061761842e-03 4.998500075215735021e-03 2.556647569506341282e-04
1.285307677091134968e-03 4.291690347634772446e-03 1.534357380511080018e-02 3.523957557842643390e-02 7.758714954967608352e-03 2.071511718274170882e-03 7.660268388359445539e-04
5.772521563718532867e-04 4.970907195394979813e-03 1.675807530414366586e-02 4.389293342888459654e-02 8.602957456110281106e-03 3.114585929302224592e-03 8.900378768395892076e-04
9.378386576450581770e-04 4.610629955782496320e-03 1.794520060560425567e-02 4.607522891749243205e-02 1.146435705651695919e-02 4.735312772043281937e-03 7.757525454894163277e-04
1.153099571259837922e-03 4.427975381177167748e-03 1.605742621734117248e-02 3.458698564140644249e-02 9.623483683127256536e-03 2.236057823207384700e-03 7.944676263707839978e-04
3.199064951835336188e-04 2.254787721775273514e-03 1.677294964083230269e-02 1.584889844910403883e-02 6.933146952528178135e-03 2.839057436413977738e-03 3.766831959116655778e-04
7.130481791901492443e-04 5.326600411720269768e-03 1.728631471410047374e-02 3.905496150682528922e-02 9.686170714290842643e-03 2.684422747931984685e-03 9.117145736323134086e-04
1.300260325252072368e-03 3.308896813463038222e-03 1.518130870108764727e-02 2.917092955947975241e-02 7.418070577417131169e-03 1.356805495929764909e-03 6.115764787437763528e-04
5.767920269386748316e-03 3.410111380217678914e-03 1.386517096909508848e-02 3.787201952206800670e-02 1.002306369256281138e-02 2.844201513721539027e-03 6.175425548496244746e-04
6.946474543759155332e-04 3.446268884337899945e-03 1.547051315449894833e-02 2.552735633072472296e-02 6.223872735099277541e-03 2.114785457797222976e-03 6.084877085972388317e-04
1.336333075913367485e-03 3.415416762933527230e-03 1.553388109451897016e-02 2.215108319084466842e-02 8.002945431368055015e-03 2.002832312755594389e-03 5.650464589092883206e-04
2.478962792553847665e-04 2.172447224273490064e-03 1.678906905296530944e-02 1.595459092061335404e-02 5.539536358012085542e-03 3.971778198395392590e-03 3.272796105571600415e-04
1.016260494409445235e-02 3.918781880650733414e-03 1.535764484711248101e-02 5.059388450294212414e-02 1.581402430101194745e-02 5.331532704932505536e-03 6.787901169824229596e-04
4.815379206433395391e-04 2.350256128473806900e-03 1.565814745350707984e-02 2.612200411104082312e-02 5.933500783997591212e-03 2.466315429771657672e-03 4.394859632041318897e-04
1.079665058329789835e-03 1.091371290898850328e-02 1.762451071194700430e-02 6.938308125665984538e-02 1.222664206363131834e-02 1.921655420329627419e-03 1.892692962487440948e-03
1.062661145662333051e-02 5.989475959532974091e-03 1.604658883534407915e-02 7.718928974032543411e-02 1.893798657920084741e-02 4.578587033142372809e-03 1.023025404985760311e-03
1.029708323247497184e-03 2.791592502056251899e-03 1.482676881503948441e-02 2.124447621384625146e-02 6.589068992235597513e-03 1.562178415593665172e-03 5.148589351376156543e-04
3.800375964974826541e-03 3.183165821441626044e-03 1.655187271837994800e-02 3.892227118711723277e-02 1.458892885465780907e-02 5.039991269321722651e-03 5.384703606955115306e-04
4.027559289128584464e-04 3.145499820127150171e-03 1.744757435891122407e-02 1.976330949957206401e-02 9.129022329855894860e-03 2.815409427235866097e-03 5.375506770495092589e-04
5.843401233800282323e-04 2.062392685069782284e-03 1.576547169423776415e-02 2.247940456694093661e-02 7.248880205697734967e-03 7.904492209849929910e-03 3.205090713722347998e-04
1.038026194215770906e-03 2.320942519639174889e-03 1.575200212327626526e-02 1.875837542411883455e-02 7.842539712045707920e-03 3.354630181879338351e-03 3.808204730871184466e-04
4.741422267731539540e-03 5.765999002382703360e-03 1.769936237219842806e-02 5.786967375212804382e-02 2.049337301526540575e-02 3.625531843101458852e-03 1.005556313292486036e-03
1.408471402243973054e-03 5.490937960171882529e-03 1.602148431865117739e-02 4.454770128665451467e-02 8.982988827766021436e-03 2.609469510839299358e-03 9.316443999514959938e-04
5.176126963081251761e-04 2.202876766938295303e-03 1.504763114465441053e-02 2.058083649134763091e-02 5.547917310086271196e-03 2.470514305500299580e-03 3.906318685249931979e-04
4.890082646497860043e-04 2.782361923589108527e-03 1.540138575220353565e-02 2.928494497044328154e-02 5.760266858347029735e-03 3.061317273055996682e-03 4.822747795553586716e-04
1.879160774906232876e-03 3.276745798939668507e-03 1.637646747946164966e-02 2.817636912689095233e-02 1.001907436310807420e-02 4.620830718128894274e-03 4.949927744090126987e-04
8.168587254342444181e-04 2.355559649944073512e-03 1.583165080748713191e-02 1.642051058612714262e-02 6.766343843620443652e-03 1.990941744943384301e-03 3.993092824172670709e-04
1.684820277206996357e-03 4.193371023146719341e-03 1.546797581531151981e-02 3.133077287426767887e-02 9.070045150425450411e-03 2.409458682982884396e-03 7.276793905386444569e-04
7.131593784912507042e-04 2.253406992432444283e-03 1.596638244543283069e-02 1.479731007603487213e-02 7.026061124495283985e-03 1.550757979335797834e-03 3.942532673471513694e-04
3.243377021679471998e-03 2.041570428773115467e-03 1.499875461847965073e-02 2.288515143936205309e-02 9.820479694450672328e-03 4.033940358353414399e-03 3.554479656927579103e-04
2.065944379641782101e-03 6.381966491460261577e-03 1.639078579596198529e-02 5.116682934482713607e-02 1.191799964107640407e-02 1.561442244995906500e-03 1.195217656213105059e-03
6.175193452469369092e-04 3.929319307121399187e-03 1.696987927475707494e-02 3.496534553306769599e-02 9.694664901653842273e-03 4.282551335253516681e-03 6.667244908194767993e-04
7.166552728526104756e-04 2.177290105791440840e-03 1.533360713243710725e-02 1.541836172799515743e-02 6.402615710742350780e-03 2.345277216526827063e-03 3.707439595889940780e-04
1.299386372233229947e-03 2.248771783107778380e-03 1.335659266786924995e-02 2.387208971094673809e-02 5.049002461834000213e-03 2.625118093192805972e-03 4.273465061612542921e-04
3.785133508217955987e-03 6.674059726261298044e-03 1.634036125693948474e-02 4.270674046766512189e-02 1.363645788411208155e-02 1.290577896523637013e-03 1.222074132018143022e-03
3.617406327741829212e-04 1.344813013755446910e-03 1.519033670412087492e-02 9.896577772152997943e-03 4.921877813687498306e-03 2.143857697785126436e-03 2.345380547831914751e-04
2.770105430842830299e-03 9.396372202080113117e-03 1.646052000337096255e-02 1.072389726786192182e-01 1.153942985055720488e-02 3.353206687267853807e-03 1.678148582529407273e-03
7.902102945706691384e-04 4.037715067166153596e-03 1.617267896488644788e-02 2.455583278610421957e-02 8.035361379119145345e-03 1.659002379935635603e-03 7.172667859763220445e-04
2.704837016556549834e-04 1.266064727817893965e-03 1.589457977594357224e-02 1.045639089949487385e-02 4.769341068736350671e-03 2.980783202171736687e-03 2.113063247680430242e-04
1.576629736980039026e-03 8.918685417111804278e-03 1.664833627608227479e-02 6.043496702921252045e-02 1.099684228113168710e-02 1.734100022717353310e-03 1.591829150366401088e-03
3.517004003089011367e-04 3.146952039853452305e-03 1.692954786928703090e-02 3.221411194569572672e-02 7.557479493794218815e-03 3.175114406933427207e-03 5.510785299611352904e-04
5.862482335406118050e-04 5.870193627277516500e-03 1.688246132382044407e-02 4.609209484175173788e-02 8.156119122602233790e-03 1.838861216405806480e-03 1.042942975369815992e-03
1.541387156607650858e-03 5.260894487372299970e-03 1.646383037276556022e-02 3.601720953609691828e-02 9.745826905124455389e-03 3.479769261664565627e-03 8.262241271075298739e-04
1.626211748524366858e-03 2.628537542098092344e-03 1.628371012172337082e-02 2.556381130116640657e-02 1.004928101147812419e-02 4.627459180244040612e-03 4.292820435903698805e-04
9.876113835379099828e-04 1.829489301249724717e-03 1.579330844302159753e-02 1.330945071846864267e-02 8.308025755945200666e-03 1.887523814777822577e-03 3.267048272539391056e-04
1.224914099914506263e-03 2.955550467192499895e-03 1.609786061926529732e-02 1.949493243357538347e-02 7.966232785581393513e-03 1.350686418528895599e-03 5.249245667425741666e-04
1.705519883014608657e-04 2.338008498984142560e-03 1.558496207455743222e-02 2.131705220917974944e-02 3.970288772865997531e-03 2.523331029908159901e-03 4.307994259438100554e-04
1.563625587930411297e-03 2.034370620731113400e-03 1.565518762442929743e-02 1.399906736614274678e-02 9.223055194949243349e-03 2.879143789919522828e-03 3.584272566746729192e-04
2.254704887176371816e-04 1.754028553899061090e-03 1.623438047999693074e-02 1.377630203160479412e-02 5.160437303720897748e-03 3.406106194274042924e-03 2.984929301642832446e-04
7.390641787890687249e-04 2.225345757242552618e-03 1.528375630669993879e-02 1.965996367413256132e-02 6.729777329932084412e-03 3.016002313159914933e-03 3.844000245134754161e-04
4.212253206015427161e-04 3.234134878570182371e-03 1.609333097340479371e-02 1.704470021473953809e-02 6.103517985805134716e-03 1.020929394934050804e-03 5.831908977622095487e-04
6.360721447080442716e-04 5.233330957348959235e-03 1.685353057611621228e-02 3.664321744796840419e-02 9.372850544625520308e-03 2.661446181862132162e-03 8.876932186141693560e-04
1.701441529880541289e-03 4.108809604885695944e-03 1.509729115028471402e-02 2.760821960426687247e-02 8.346704117872824277e-03 1.821925363883975749e-03 7.332043449449762241e-04
1.944007865178005502e-04 1.864684700271682354e-03 1.630645844180697579e-02 1.354110629880629288e-02 5.342249177810313651e-03 3.240167298652263470e-03 3.090507021245063801e-04
1.018583971529700644e-03 1.410816273612415343e-03 1.559479038856871266e-02 9.599536217682218264e-03 7.523760182226721556e-03 2.280887748594229245e-03 2.502008185357270558e-04
1.299066917311279649e-03 2.937315872718527024e-03 1.651180380018565583e-02 2.338759938320650669e-02 1.075249068187955452e-02 3.427321421604879147e-03 4.900340144951228528e-04
1.469745882226208269e-03 3.876166771146920091e-03 1.767107307601262917e-02 3.330438528959413225e-02 1.280820398318891287e-02 3.872878669268594275e-03 6.243943573318911939e-04
1.397076812219975222e-04 2.688194441261124949e-03 1.773634755270944718e-02 1.641494530119636669e-02 6.669546771714073008e-03 1.795353550226228912e-03 4.744142784776493485e-04
4.829924194209866159e-04 1.767119572357279131e-03 1.513574658798870314e-02 1.878588015896633795e-02 5.281817997294642117e-03 4.290901674646285628e-03 3.027502975497835995e-04
6.183195504707553365e-04 4.006134981156130037e-03 1.633714478008681595e-02 2.719174161306514570e-02 7.904340503667360573e-03 2.146463222715091958e-03 6.819108323535388308e-04
4.308847979073386473e-04 1.917652207623125665e-03 1.501674851104042689e-02 1.340279924223290037e-02 5.484293805370947343e-03 1.417137598361384266e-03 3.632780082722952570e-04
1.337393119857367826e-03 4.152353441285015594e-03 1.564139938774187361e-02 3.348955139832927169e-02 8.053507616370943548e-03 2.710094973530854153e-03 6.892448431699034614e-04
2.453763461777313300e-03 2.313644121873701352e-03 1.461038469638776573e-02 2.982554850290382656e-02 7.644180205751609745e-03 3.466860716015589695e-03 4.036135423092976067e-04
1.312437784536466402e-04 1.284751887222715426e-03 1.664807455374851461e-02 1.004106573264426129e-02 5.075841947843887786e-03 1.754575803581821282e-03 2.379393934144609477e-04
3.670235176990408756e-04 1.329465633597737588e-03 1.573959556825050080e-02 8.530018319325073650e-03 5.222296613126269776e-03 3.042817017982977264e-03 2.133527536587077748e-04
8.360443304751821389e-04 3.163062636069968302e-03 1.585019610644217841e-02 1.841444672646475739e-02 7.539477008485558768e-03 1.935264464518311744e-03 5.416902533046319889e-04
1.005753086936813723e-03 2.645288895096618333e-03 1.483432356469101439e-02 1.904052811860910618e-02 6.826212323810123585e-03 1.730683924953586817e-03 4.740098211415004524e-04
1.049002244547496236e-03 1.998884757681167190e-03 1.535423768397191704e-02 1.392434261481463251e-02 6.362465459092362524e-03 2.709191189494171773e-03 3.340201478075768100e-04
1.210969324708967287e-03 6.219304917541764073e-03 1.586030864072878604e-02 4.529008823347127621e-02 8.475278275049303797e-03 2.461241956869696188e-03 1.080196157547209284e-03
1.392121275826389143e-03 4.049150764358034824e-03 1.747406772148964518e-02 2.544950793841804781e-02 1.318189725793915933e-02 2.233587852572447956e-03 7.130371876919173709e-04
1.219045976677402780e-03 8.059222946942357427e-03 1.697690768568884193e-02 8.320802001846923368e-02 1.085493032445543002e-02 2.411485211044370885e-03 1.450283782675135117e-03
1.681288475754270147e-03 3.638548556398607872e-03 1.538670647143164198e-02 2.447120341689361378e-02 8.251856348958485493e-03 1.938364015148391585e-03 6.261912673643503947e-04
