1.801205359065605541e-03
2.525048610815532925e-03
3.530787674089336074e-03
4.933697665569647915e-03
6.900614792535930339e-03
9.666322916769051060e-03
1.360782921270091775e-02
1.926030672350358824e-02
2.744713899204570887e-02
3.938240315383251255e-02
5.686445239173967825e-02
8.244302534980316177e-02
1.196517002003679442e-01
1.731191088555859570e-01
2.484089291943082090e-01
3.519047500480083634e-01
4.902946707070680588e-01
6.702163707993759045e-01
8.981917096095232145e-01
1.180816665224204698e+00
1.525347124788134723e+00
1.940542848559095201e+00
2.437092434932432994e+00
3.027883687865879914e+00
3.727150133386408548e+00
4.550586382401413665e+00
5.513244735003599573e+00
6.628226052172897731e+00
7.903911551471612285e+00
9.340816118754608155e+00
1.092589248072988006e+01
1.262988607502948923e+01
1.440460153198656812e+01
1.618640504728463014e+01
1.790337470554100463e+01
1.948872892099369736e+01
2.089411400452890533e+01
2.209335679361148763e+01
2.308319234811402509e+01
2.387551391704187509e+01
2.448795905326139533e+01
2.493981920952801445e+01
2.525209769847646157e+01
2.544925630858092802e+01
2.555966024656905233e+01
2.561300220741132350e+01
2.563447561590916024e+01
2.564139951960240893e+01
2.564310308682474826e+01
2.564338809611851033e+01
