3.534129474803801574e-01
3.817331338787949280e-01
4.146181201812364492e-01
4.526861922277372607e-01
4.966913463968009590e-01
5.476080062155804784e-01
6.067270281348793315e-01
6.757651975440730485e-01
7.569552011254403467e-01
8.530842953016412045e-01
9.674399812711681479e-01
1.103670123912309897e+00
1.265564274810382805e+00
1.456817180716477811e+00
1.680835192594566596e+00
1.940631216110083823e+00
2.238832723067153641e+00
2.577842350528201987e+00
2.960223498184144653e+00
3.389346680480133323e+00
3.870178738496117266e+00
4.409954291582632635e+00
5.018502694255094099e+00
5.708165793988119852e+00
6.493338108554466359e+00
7.389660954710397078e+00
8.412839522210923349e+00
9.576892179882014133e+00
1.089145396907657393e+01
1.235790808370915528e+01
1.396475102679139546e+01
1.568345108724137837e+01
1.746676646515424736e+01
1.925165281156013108e+01
2.096777840486676325e+01
2.255001397912364069e+01
2.395036931853459805e+01
2.514430670856263461e+01
2.612915752338757613e+01
2.691674048785687390e+01
2.752506737887503618e+01
2.797359316550209130e+01
2.828322026262691935e+01
2.847847663897996995e+01
2.858788715510974399e+01
2.864073995913790327e+01
2.866202201833419139e+01
2.866889530056470647e+01
2.867059752217394930e+01
2.867090418008427477e+01
