1.787389759003418289e-05
2.412237613493436341e-05
3.158082070015300486e-05
4.305157394199602588e-05
5.747170483936927599e-05
7.725166875042266997e-05
1.052401522017555954e-04
1.437398502166176097e-04
1.997130541239108283e-04
2.782766707151396136e-04
3.963391163385036648e-04
5.755963390097977150e-04
8.514176887971977017e-04
1.287259541753544385e-03
1.996081504079498005e-03
3.163338868244537812e-03
5.134199959967314722e-03
8.482824209824400830e-03
1.421501058214203958e-02
2.403644778457707937e-02
4.080735911353904066e-02
6.940374450681564833e-02
1.178163081817616975e-01
1.993095690751284232e-01
3.358219990809178657e-01
5.634325054850201075e-01
9.410529965107040651e-01
1.565174308338074027e+00
2.592555687396182140e+00
4.277995813951687154e+00
7.032859453939839689e+00
1.151938339471142569e+01
1.879560869608706852e+01
3.053609624978422232e+01
4.936005717764247436e+01
7.928881560245548599e+01
1.263507520932159736e+02
1.992823955251214159e+02
3.101731423650235229e+02
4.747706127230400170e+02
7.119318957365719598e+02
1.041770455732527807e+03
1.482122323732727182e+03
2.043690164941767307e+03
2.725139769609739687e+03
3.510960056206395166e+03
4.374955801783331481e+03
5.289111588964259681e+03
6.230051786792137136e+03
7.177032887607705561e+03
8.105056581655861009e+03
8.985263698484150154e+03
9.792692031806551313e+03
1.051076850916315016e+04
1.112726875528234996e+04
1.163385411409225526e+04
1.203492732732932018e+04
1.234996488512178439e+04
1.259984401919383345e+04
1.279321561165286585e+04
