1.654188911435626502e-09
2.989795413124058700e-09
5.464292637095668089e-09
1.007413706852082166e-08
1.867705807075434395e-08
3.469238961823797164e-08
6.430892983822668074e-08
1.184883248532447355e-07
2.161587750267643366e-07
3.890358296476091566e-07
6.884944718541024021e-07
1.194636892054889599e-06
2.027056719114647872e-06
3.355715523595555635e-06
5.408546647239870719e-06
8.469810921419691177e-06
1.286199616423155415e-05
1.890298245721256832e-05
2.683476880628132998e-05
3.673098635619459268e-05
4.840794773410540651e-05
6.137988270139308150e-05
7.489579182042862236e-05
8.805682734664740778e-05
9.995190378008720613e-05
1.097279225489655263e-04
1.165958525323374271e-04
1.199150077095741015e-04
1.194855080031080434e-04
1.158985415687645184e-04
1.105625754226380759e-04
1.052709289654951181e-04
1.016203201747318261e-04
1.005842594151136693e-04
1.022926200785890095e-04
1.060731544584160541e-04
1.107781363345044791e-04
1.152234104531358938e-04
1.185826148848281099e-04
1.206166694546046244e-04
1.215901528004850534e-04
1.219497809369120685e-04
1.220485759797934361e-04
1.220676942771837533e-04
1.220701257448125542e-04
1.220703075059149527e-04
1.220703128522909774e-04
1.220703123543537825e-04
1.220703126162827159e-04
1.220703125460285835e-04
