3.650774834208491137e-01
3.920728811188313179e-01
4.235392251262041219e-01
4.602685794531881647e-01
5.032866438391799813e-01
5.539600051715495299e-01
6.141597655938166866e-01
6.864983902883623479e-01
7.746750165458569093e-01
8.839540528947971154e-01
1.021837610456819867e+00
1.198980865944630825e+00
1.430444344683009739e+00
1.737383144389037959e+00
2.149310363869630258e+00
2.707133657759849932e+00
3.467232766554806389e+00
4.506840794919090953e+00
5.931218054467756851e+00
7.883033597228384259e+00
1.055471669529749512e+01
1.420445934557525725e+01
1.917680001188480432e+01
2.592882477003305652e+01
3.506302924777003938e+01
4.736795280245562623e+01
6.386728927438258552e+01
8.587794448118306434e+01
1.150765433184971869e+02
1.535728207186660654e+02
2.039867169900753368e+02
2.695244046141086756e+02
3.540472115028351254e+02
4.621276282198210197e+02
5.990897717271921010e+02
7.710397421107131777e+02
9.849057276979324342e+02
1.248527759118722315e+03
1.570856533454724968e+03
1.962323727945576138e+03
2.435402349951864380e+03
3.005243477257659833e+03
3.690022218586352665e+03
4.510282553508265664e+03
5.486320833575946381e+03
6.632868759970942847e+03
7.951430423732280360e+03
9.422540525895708925e+03
1.100191963765229957e+04
1.262429779234493435e+04
1.421555752663664134e+04
1.570910515658099939e+04
1.705937899938372720e+04
1.824676818530552555e+04
1.927303243948024101e+04
2.015085365502456989e+04
2.089290208274280667e+04
2.150515148250382117e+04
2.198730267144965546e+04
2.233975054435508355e+04
