4.282463887890692893e-16
1.523101089779387790e-15
5.368075136070554003e-15
1.883094687149671389e-14
6.578726359093508275e-14
2.262750682969064950e-13
7.575510746678463447e-13
2.548919238363936403e-12
8.497632793598538109e-12
2.846114668382392803e-11
9.619040023261690556e-11
3.299580479843016383e-10
1.125686270182627415e-09
3.760483121006543217e-09
1.207420254522248801e-08
3.674337719731936703e-08
1.056171427397345699e-07
2.858867143961443582e-07
7.279638153815070112e-07
1.741029957162395562e-06
3.902668610803163608e-06
8.171725883483776958e-06
1.591699070262251985e-05
2.873984196740550176e-05
4.789316469568753189e-05
7.356697406800811719e-05
1.041372237925307132e-04
1.365137317257817447e-04
1.670652830872295345e-04
1.928243724191351584e-04
2.123304761154095981e-04
2.249503566640629682e-04
2.317077381793686470e-04
2.342443927674727226e-04
2.348399718568391513e-04
2.359268764802863975e-04
2.383091264539171869e-04
2.413456476236606595e-04
2.442167576073983734e-04
2.463591532319991148e-04
2.474961654180804819e-04
2.479559482689996258e-04
2.480866619418287252e-04
2.481122864451942097e-04
2.481152672872195711e-04
2.481145511647465636e-04
2.481153203366630441e-04
2.481157969290711065e-04
2.481157700819256145e-04
2.481159220680611514e-04
