3.713044312620830609e-16
1.330807561083665986e-15
4.814553370098901358e-15
1.761697090971690249e-14
6.524934918415288573e-14
2.443550850393744342e-13
9.222511410584908918e-13
3.488464854932907167e-12
1.312863163693899192e-11
4.874562942435271122e-11
1.769292388320646128e-10
6.220659255144134353e-10
2.099811830244545292e-09
6.747821455569702799e-09
2.047851600308141869e-08
5.824234351843550830e-08
1.541014361334140465e-07
3.767769830261524375e-07
8.465158063006628338e-07
1.741361976220096950e-06
3.278736934235376889e-06
5.675826799224697782e-06
9.126467977103136403e-06
1.383743258962013084e-05
2.009491120100633915e-05
2.823777686628153747e-05
3.845366689955923684e-05
5.052336696716893641e-05
6.378101790327728128e-05
7.737505273323910479e-05
9.057804324984952877e-05
1.029059937112227418e-04
1.141339451552269782e-04
1.243003544407536695e-04
1.335858770449121753e-04
1.420882561958904968e-04
1.496648990675524037e-04
1.559216352656151230e-04
1.604367960888661271e-04
1.631397915285592740e-04
1.644318224180163230e-04
1.649093351125370337e-04
1.650405513359496648e-04
1.650659455827961923e-04
1.650691754636134751e-04
1.650694168887247688e-04
1.650694239699478007e-04
1.650694232859304777e-04
1.650694236407067718e-04
1.650694235520475215e-04
