7.280084619510351907e-04
1.056341652209857873e-03
1.532349851487757597e-03
2.222089414742223212e-03
3.218596038786658564e-03
4.650336424201539920e-03
6.689622924554217143e-03
9.559588751179348698e-03
1.353430972905989016e-02
1.892482518406035652e-02
2.604499216582845111e-02
3.515157592793916042e-02
4.636778528266893851e-02
5.961390195700910777e-02
7.457834048910017000e-02
9.075056592716979065e-02
1.075157882662802766e-01
1.242609590092882410e-01
1.404629884624049030e-01
1.557291852786326647e-01
1.697960106911724498e-01
1.825064635565969429e-01
1.937814065944678532e-01
2.035933910669991409e-01
2.119460366063261603e-01
2.188573894078114090e-01
2.243529072390610946e-01
2.284585372181593410e-01
2.311970069928299676e-01
2.325855816235042894e-01
2.326356103613562709e-01
2.313536233788766605e-01
2.287441695062291114e-01
2.248148806472953787e-01
2.195842751519212488e-01
2.130928683523536371e-01
2.054180880577181068e-01
1.966928421648772574e-01
1.871262702033329450e-01
1.770225691407862900e-01
1.667897276235279502e-01
1.569250496650884674e-01
1.479625064615417429e-01
1.403743514104517365e-01
1.344425321475797297e-01
1.301484605167138042e-01
1.271473553189019778e-01
1.248664522930431620e-01
1.226988824822756730e-01
1.202054415369198104e-01
1.172322442314968072e-01
1.139044866248200005e-01
1.105271747866318766e-01
1.074639890155962840e-01
1.050463414974122101e-01
1.035085678107570129e-01
1.029221213130983026e-01
1.031468335535981051e-01
1.038625225224368842e-01
1.046996606241686889e-01
