6.511253357874718136e-10
1.502015531312438149e-09
3.456955424157754993e-09
7.926088243000348167e-09
1.805061545215337412e-08
4.063895415444432422e-08
8.985492591954283097e-08
1.935019012929174855e-07
4.023029731675812671e-07
8.011700366050366847e-07
1.519705585629898029e-06
2.739365148747449586e-06
4.694951668626328725e-06
7.668517224597985087e-06
1.197007929110228464e-05
1.789698381734735125e-05
2.566791796142984779e-05
3.533670675605587574e-05
4.671041400880569100e-05
5.931779085731813880e-05
7.248416141744510374e-05
8.553991837990135121e-05
9.809598906624587139e-05
1.101827277518263679e-04
1.220097355249846315e-04
1.333819360571360073e-04
1.433204434925967625e-04
1.504935369730992564e-04
1.542128601841887773e-04
1.549793814526376733e-04
1.540634385641401552e-04
1.527106267611641477e-04
1.517514270973144286e-04
1.516376527636790865e-04
1.525257868628300279e-04
1.543063350893641300e-04
1.566458238450444459e-04
1.590434866154532157e-04
1.609913239423942620e-04
1.622304712213488032e-04
1.628397390795871535e-04
1.630674921049152237e-04
1.631303075780065129e-04
1.631424763489451157e-04
1.631440284271023014e-04
1.631441433011450882e-04
1.631441455862004796e-04
1.631441449640321471e-04
1.631441452436511400e-04
1.631441451777390205e-04
