3.352949361642052167e-08
6.589767710873321426e-08
1.234833848307102366e-07
2.459000761633836651e-07
4.753084176724957344e-07
9.033146431543600694e-07
1.684066180830990386e-06
3.141140968887742879e-06
5.748266990588383378e-06
1.016085864819431901e-05
1.791950521043888861e-05
3.091017995371923063e-05
5.275906434340185041e-05
8.841491821959290062e-05
1.475172052829399564e-04
2.409705808357662758e-04
3.872390568442213299e-04
6.079422190668933024e-04
9.282789235108544236e-04
1.380442540193766842e-03
1.999420233450912698e-03
2.855772954692967387e-03
4.002590898206721988e-03
5.518379565993842412e-03
7.520863843499925316e-03
1.017346427941904011e-02
1.361924275996170310e-02
1.813500011778427373e-02
2.398159048999087134e-02
3.156001511035628343e-02
4.129500277544964626e-02
5.383371947463037183e-02
6.989220054465425380e-02
9.035326317525449458e-02
1.164418460249496551e-01
1.494800656741856748e-01
1.912859957886253182e-01
2.439489384181862952e-01
3.096645923158293234e-01
3.911574893122770624e-01
4.909988701175805881e-01
6.116955202112899226e-01
7.544774900447710486e-01
9.185615841563447015e-01
1.100795481592187208e+00
1.295688686690340763e+00
1.495250081145993448e+00
1.691681434391664851e+00
1.877194970071914604e+00
2.047600767910421560e+00
2.199977130172433792e+00
2.333787467637149948e+00
2.449085347274485347e+00
2.546597480987776052e+00
2.627189769827499077e+00
2.690602720733400677e+00
2.737504619436056608e+00
2.769609248194196738e+00
2.790084095265108477e+00
2.802312878677579278e+00
