1.823882349905460269e-06
2.993406066334166130e-06
4.919542626805831903e-06
8.074755321848311324e-06
1.318691069625461953e-05
2.131777624982361501e-05
3.389304184123957502e-05
5.258576224883237081e-05
7.893823471703592318e-05
1.136899278044679537e-04
1.560672910543531126e-04
2.035479463594600837e-04
2.524222447553964820e-04
2.988458384935843010e-04
3.396897207027984450e-04
3.728177340413855144e-04
3.969851970147650518e-04
4.115992746839673179e-04
4.165341712170545115e-04
4.120470255986451863e-04
3.987740080229379598e-04
3.777597872243530601e-04
3.504598430071931454e-04
3.186530948928972644e-04
2.842365491549678040e-04
2.489652844623727913e-04
2.142936287241638260e-04
1.814361201209085429e-04
1.515491949460033051e-04
1.257609613483979573e-04
1.049353202186393760e-04
8.940406434267481051e-05
7.893361613278259553e-05
7.287034137092593747e-05
7.027523190768474731e-05
7.004784082272064172e-05
7.110049231530499864e-05
7.253131328822937096e-05
7.374934985690962536e-05
7.452318336266527954e-05
7.490095490781441961e-05
7.504157533942375571e-05
7.508029908568280772e-05
7.508779756547692696e-05
7.508875259861283458e-05
7.508882363140793187e-05
7.508882537619106928e-05
7.508882508992179711e-05
7.508882522676112170e-05
7.508882519098852154e-05
