6.540880913144531128e-04
9.897113991453321269e-04
1.491621796316677795e-03
2.233675937768075936e-03
3.312635032593491680e-03
4.847865396855111086e-03
6.970485669373749360e-03
9.799322187117209815e-03
1.340059906122870181e-02
1.774057123881966902e-02
2.263100613842128350e-02
2.771692665671043887e-02
3.250942211204388421e-02
3.647369628869456815e-02
3.914191830329716293e-02
4.021156314256801867e-02
3.960017071798360710e-02
3.745146490646822368e-02
3.410150258961519576e-02
3.001329279117970206e-02
2.568862506399416379e-02
2.157521517979388292e-02
1.799653203849715943e-02
1.512357049868429115e-02
1.298695649636028016e-02
1.151327957849002104e-02
1.056947874427782708e-02
1.000432056509947820e-02
9.679644160828004829e-03
9.487658505176854717e-03
9.355167601683422873e-03
9.239159419275555507e-03
9.119166220081353913e-03
8.989947339149040317e-03
8.855479512396069453e-03
8.724001548553683705e-03
8.604046316255331561e-03
8.501807208394662752e-03
8.420072612159934522e-03
8.358515511341479964e-03
8.314703719653149250e-03
8.285244262709046126e-03
8.266620882904973655e-03
8.255685250534661179e-03
8.249850771805178340e-03
8.247110314071548487e-03
8.246020226711614498e-03
8.245670234764190809e-03
8.245583764503905400e-03
8.245568077266618445e-03
