3.223706180454938980e-06
6.857114781243407731e-06
1.440351312227521052e-05
2.983279440860187037e-05
6.076480043084881572e-05
1.206622809690974935e-04
2.331158401254439239e-04
4.351209143137121926e-04
7.830219701567518731e-04
1.353144769881929610e-03
2.242274141621876382e-03
3.545592408123549033e-03
5.327518374566048154e-03
7.573324132694903010e-03
1.013990386950591738e-02
1.279801796860850771e-02
1.526548897471011190e-02
1.728547238676705899e-02
1.870146635262162627e-02
1.946463806979559230e-02
1.961314372664435535e-02
1.925811423358386731e-02
1.852829967711966397e-02
1.755533518803698012e-02
1.644474130628814645e-02
1.533015932780701363e-02
1.429405569473729543e-02
1.339939809305579210e-02
1.265968195153166498e-02
1.206724080072207883e-02
1.157811367081995613e-02
1.116915230493131794e-02
1.080956818330447433e-02
1.049805738440978686e-02
1.022300935625564122e-02
9.984159284672777801e-03
9.787053393214506514e-03
9.626129364918689646e-03
9.498034830835777598e-03
9.401646623226955768e-03
9.330808003237933690e-03
9.280469214754560880e-03
9.247747494680158553e-03
9.228340765793596745e-03
9.216960711052823996e-03
9.211518036206012283e-03
9.209337460427402533e-03
9.208632999498700400e-03
9.208449354659364872e-03
9.208416971950850183e-03
