9.189000639908156449e-10
2.218684701077384843e-09
5.311402195153680684e-09
1.265668797333679108e-08
2.973142002677254579e-08
6.816274981601662801e-08
1.504364851168960230e-07
3.247264226415223868e-07
6.758633433974078165e-07
1.366959740721477958e-06
2.684497743594787650e-06
5.127720141028136054e-06
9.377136892078078616e-06
1.631448096539555562e-05
2.690645911310077069e-05
4.210804106758905113e-05
6.301844485247168478e-05
9.059456243630376851e-05
1.255439945846698719e-04
1.679399627828362363e-04
2.168744210007330655e-04
2.699910572703091249e-04
3.233212576197796247e-04
3.719024658622491859e-04
4.099415534062044722e-04
4.332960200873141971e-04
4.397127142389225434e-04
4.308704858080037153e-04
4.108721470528866378e-04
3.846069502171558380e-04
3.564806158750876385e-04
3.286277796209263660e-04
3.031566560729947145e-04
2.813191872428613335e-04
2.643375942346969446e-04
2.532373380056429125e-04
2.473851978055518087e-04
2.450383593449970577e-04
2.445478357658676608e-04
2.447387953579687088e-04
2.449075350845915898e-04
2.449943036832509698e-04
2.450205099311828730e-04
2.450257706201831778e-04
2.450263054314177555e-04
2.450253419161146223e-04
2.450262543107943961e-04
2.450264818207835427e-04
2.450264532359136115e-04
2.450266034371613184e-04
