0.000000000000000000e+00
5.960000000000000853e-01
1.999000000000000110e+00
3.621999999999999886e+00
5.518000000000000682e+00
7.437999999999999723e+00
9.309999999999998721e+00
1.140899999999999892e+01
1.339000000000000057e+01
1.492700000000000138e+01
1.616900000000000048e+01
1.775800000000000267e+01
1.912999999999999901e+01
2.042900000000000205e+01
2.133200000000000074e+01
2.195400000000000063e+01
2.297399999999999665e+01
2.376100000000000279e+01
2.432900000000000063e+01
2.485800000000000054e+01
2.578200000000000003e+01
2.648799999999999955e+01
2.684399999999999764e+01
2.715699999999999648e+01
2.766700000000000159e+01
2.832600000000000051e+01
2.888100000000000023e+01
2.935300000000000153e+01
2.955499999999999972e+01
2.980599999999999739e+01
3.003200000000000003e+01
3.062500000000000000e+01
3.111299999999999955e+01
3.126299999999999812e+01
3.159700000000000131e+01
3.175800000000000267e+01
3.202700000000000102e+01
3.215200000000000102e+01
3.219700000000000273e+01
3.231499999999999773e+01
3.237600000000000477e+01
3.243699999999999761e+01
3.265200000000000102e+01
3.237300000000000466e+01
3.176299999999999812e+01
3.187999999999999901e+01
3.200499999999999545e+01
3.242600000000000193e+01
3.300499999999999545e+01
3.345000000000000284e+01
3.367799999999999727e+01
3.349500000000000455e+01
3.325999999999999801e+01
3.345000000000000284e+01
3.341700000000000159e+01
3.329999999999999716e+01
3.344299999999999784e+01
3.356900000000000261e+01
3.376299999999999812e+01
3.391200000000000614e+01
3.413400000000000034e+01
3.401299999999999812e+01
3.411899999999999977e+01
3.435999999999999943e+01
3.405199999999999960e+01
3.434199999999999875e+01
3.434300000000000352e+01
3.394899999999999807e+01
3.387400000000000233e+01
3.429899999999999949e+01
3.465600000000000591e+01
3.460399999999999920e+01
3.473499999999999943e+01
3.497699999999999676e+01
3.516899999999999693e+01
3.545400000000000773e+01
3.513900000000000290e+01
3.530400000000000205e+01
3.532599999999999341e+01
3.549099999999999966e+01
3.551600000000000534e+01
3.538499999999999801e+01
3.523900000000000432e+01
3.531300000000000239e+01
3.535299999999999443e+01
3.526900000000000546e+01
3.514900000000000091e+01
3.507399999999999807e+01
3.491599999999999682e+01
3.506900000000000261e+01
3.500300000000000011e+01
3.440200000000000102e+01
3.420799999999999841e+01
3.409100000000000108e+01
3.412299999999999756e+01
3.396300000000000097e+01
3.414000000000000057e+01
3.398100000000000165e+01
3.435900000000000176e+01
3.436700000000000443e+01
